$ 3 0.000005 18.278915558614752 62 5 50 5e-11
r 960 144 960 80 0 10000
g 960 80 960 64 0 0
w 960 144 1016 160 0
r 1016 216 1088 216 0 4700
w 1088 216 1088 168 0
w 1016 176 1016 216 0
209 904 144 904 80 0 0.000001 3.349516336014808 0.001 50
w 960 144 904 144 0
w 904 144 792 144 0
r 792 56 792 112 0 4700
r 856 24 856 88 0 4700
r 856 176 912 176 0 2200
r 912 232 912 176 0 880
g 912 232 912 256 0 0
w 856 88 856 176 0
w 912 176 1016 176 0
368 856 24 856 -8 1 0 Lamp\sDetect
r 632 112 696 112 0 330
407 696 112 792 112 1
c 592 112 592 160 0 0.0000018 1.5926487977131276 0.001
w 632 112 592 112 0
c 592 64 592 112 0 2.2e-7 60690738.6304004 0.001
d 552 112 552 160 2 1N4148
w 552 112 592 112 0
w 552 160 592 160 0
w 592 160 696 144 0
r 592 -8 592 64 0 100
w 592 160 592 192 0
w 488 -8 592 -8 0
w 488 192 592 192 0
i 488 64 488 -8 0 1
R 856 88 888 88 0 0 40 5 0 0 0.5
w 1088 168 1088 24 0
w 1088 24 856 24 0
370 488 128 488 64 1 0 0
p 792 112 792 144 3 0 0
s 488 128 488 192 0 0 false
g 904 80 904 64 0 0
R 792 56 792 16 0 0 40 5 0 0 0.5
401 1016 168 1088 168 3 10\s15\s-15\s1000000\s1.263170999468067\s3.349516336014808\s100000 0\s20\s10000000000 1\s0
o 16 64 0 4099 5 6.4 0 2 16 3
o 34 64 0 4099 83886080 1.6 1 2 34 3
o 35 64 0 4098 5 0.1 2 1
